python3 MAIN_no_enso.py 2.538969150865121 2.4338971894700885 1.2674793809277247 1.7995873066297392 4.7888433885658825 0.2 1.0 1.0 0.2 0.3 0.5 0.15 1.0 0.2 0.15 1.0 0.4 1557.5555424582706 51.668684437009226 4808.590858622239 89.94803665414902 52.55548401490568 0 1
python3 MAIN_no_enso.py 1.4852760041553559 3.731091972219357 2.532825654992366 2.3966066515558055 4.329260374785988 0.2 1.0 1.0 0.2 0.3 0.5 0.15 1.0 0.2 0.15 1.0 0.4 5183.1016654534715 100.83018802906962 5905.422919982936 53.63109444526059 194.025535229491 0 2
python3 MAIN_no_enso.py 0.878227065812121 1.1523448285757258 2.7241146906222475 2.8679681701661184 3.68790547562629 0.2 1.0 1.0 0.2 0.3 0.5 0.15 1.0 0.2 0.15 1.0 0.4 13196.096780696427 158.3370884741035 9592.003681579376 178.2355085703843 176.2200801159163 0 3
python3 MAIN_no_enso.py 2.8614943974042033 3.4311632889925234 1.7952105737154547 3.540641238047511 3.170091240290764 0.2 1.0 1.0 0.2 0.3 0.5 0.15 1.0 0.2 0.15 1.0 0.4 7299.854191849977 197.01699394739978 2025.7310685056902 124.43690234961237 72.5312831995694 0 4
python3 MAIN_no_enso.py 2.995310467091926 1.6248436369603536 2.1855488491730686 4.127140708788788 3.9057980035751134 0.2 1.0 1.0 0.2 0.3 0.5 0.15 1.0 0.2 0.15 1.0 0.4 11616.302213655927 271.63988114747474 513.2269198483037 193.81943369276877 112.4550889793779 0 5
python3 MAIN_no_enso.py 1.2400243318650623 1.9971905691586747 1.5162867503472903 4.376705675567923 5.101025281318871 0.2 1.0 1.0 0.2 0.3 0.5 0.15 1.0 0.2 0.15 1.0 0.4 5471.624067897252 150.8355673218177 11095.147333218512 69.05148635249762 104.77905967471133 0 6
python3 MAIN_no_enso.py 3.1468554729240976 2.983299825723466 2.901259793083595 5.024529071598964 5.548116000408776 0.2 1.0 1.0 0.2 0.3 0.5 0.15 1.0 0.2 0.15 1.0 0.4 14778.819507799828 259.88776139616806 11960.441528883943 105.82114268061177 146.71682079803617 0 7
python3 MAIN_no_enso.py 2.2663574546002874 1.6825212648199952 2.3978825702913786 5.883930818737815 5.847816005526019 0.2 1.0 1.0 0.2 0.3 0.5 0.15 1.0 0.2 0.15 1.0 0.4 3100.461771180209 87.5949446541737 4199.232365334012 134.60743544063598 159.16230880809957 0 8
python3 MAIN_no_enso.py 1.836883482883845 3.20448937313615 1.9933160600953757 2.7776358867386195 4.954009376873332 0.2 1.0 1.0 0.2 0.3 0.5 0.15 1.0 0.2 0.15 1.0 0.4 8774.00243434794 228.41198005001644 8558.65874061899 27.159383986901823 132.0789883007426 0 9
python3 MAIN_no_enso.py 1.9063021964563724 2.7200010243654713 1.0646365353936438 5.371707725515352 3.3394620212351156 0.2 1.0 1.0 0.2 0.3 0.5 0.15 1.0 0.2 0.15 1.0 0.4 10689.284115209908 25.813325092451002 6929.101651300739 161.55011333375435 85.3443061967856 0 10
python3 MAIN_no_enso.py 2.538969150865121 2.4338971894700885 1.2674793809277247 1.7995873066297392 4.7888433885658825 0.2 1.0 1.0 0.2 0.3 0.5 0.15 1.0 0.2 0.15 1.0 0.4 1557.5555424582706 51.668684437009226 4808.590858622239 89.94803665414902 52.55548401490568 50 1
python3 MAIN_no_enso.py 1.4852760041553559 3.731091972219357 2.532825654992366 2.3966066515558055 4.329260374785988 0.2 1.0 1.0 0.2 0.3 0.5 0.15 1.0 0.2 0.15 1.0 0.4 5183.1016654534715 100.83018802906962 5905.422919982936 53.63109444526059 194.025535229491 50 2
python3 MAIN_no_enso.py 0.878227065812121 1.1523448285757258 2.7241146906222475 2.8679681701661184 3.68790547562629 0.2 1.0 1.0 0.2 0.3 0.5 0.15 1.0 0.2 0.15 1.0 0.4 13196.096780696427 158.3370884741035 9592.003681579376 178.2355085703843 176.2200801159163 50 3
python3 MAIN_no_enso.py 2.8614943974042033 3.4311632889925234 1.7952105737154547 3.540641238047511 3.170091240290764 0.2 1.0 1.0 0.2 0.3 0.5 0.15 1.0 0.2 0.15 1.0 0.4 7299.854191849977 197.01699394739978 2025.7310685056902 124.43690234961237 72.5312831995694 50 4
python3 MAIN_no_enso.py 2.995310467091926 1.6248436369603536 2.1855488491730686 4.127140708788788 3.9057980035751134 0.2 1.0 1.0 0.2 0.3 0.5 0.15 1.0 0.2 0.15 1.0 0.4 11616.302213655927 271.63988114747474 513.2269198483037 193.81943369276877 112.4550889793779 50 5
python3 MAIN_no_enso.py 1.2400243318650623 1.9971905691586747 1.5162867503472903 4.376705675567923 5.101025281318871 0.2 1.0 1.0 0.2 0.3 0.5 0.15 1.0 0.2 0.15 1.0 0.4 5471.624067897252 150.8355673218177 11095.147333218512 69.05148635249762 104.77905967471133 50 6
python3 MAIN_no_enso.py 3.1468554729240976 2.983299825723466 2.901259793083595 5.024529071598964 5.548116000408776 0.2 1.0 1.0 0.2 0.3 0.5 0.15 1.0 0.2 0.15 1.0 0.4 14778.819507799828 259.88776139616806 11960.441528883943 105.82114268061177 146.71682079803617 50 7
python3 MAIN_no_enso.py 2.2663574546002874 1.6825212648199952 2.3978825702913786 5.883930818737815 5.847816005526019 0.2 1.0 1.0 0.2 0.3 0.5 0.15 1.0 0.2 0.15 1.0 0.4 3100.461771180209 87.5949446541737 4199.232365334012 134.60743544063598 159.16230880809957 50 8
python3 MAIN_no_enso.py 1.836883482883845 3.20448937313615 1.9933160600953757 2.7776358867386195 4.954009376873332 0.2 1.0 1.0 0.2 0.3 0.5 0.15 1.0 0.2 0.15 1.0 0.4 8774.00243434794 228.41198005001644 8558.65874061899 27.159383986901823 132.0789883007426 50 9
python3 MAIN_no_enso.py 1.9063021964563724 2.7200010243654713 1.0646365353936438 5.371707725515352 3.3394620212351156 0.2 1.0 1.0 0.2 0.3 0.5 0.15 1.0 0.2 0.15 1.0 0.4 10689.284115209908 25.813325092451002 6929.101651300739 161.55011333375435 85.3443061967856 50 10
python3 MAIN_no_enso.py 2.538969150865121 2.4338971894700885 1.2674793809277247 1.7995873066297392 4.7888433885658825 0.2 1.0 1.0 0.2 0.3 0.5 0.15 1.0 0.2 0.15 1.0 0.4 1557.5555424582706 51.668684437009226 4808.590858622239 89.94803665414902 52.55548401490568 100 1
python3 MAIN_no_enso.py 1.4852760041553559 3.731091972219357 2.532825654992366 2.3966066515558055 4.329260374785988 0.2 1.0 1.0 0.2 0.3 0.5 0.15 1.0 0.2 0.15 1.0 0.4 5183.1016654534715 100.83018802906962 5905.422919982936 53.63109444526059 194.025535229491 100 2
python3 MAIN_no_enso.py 0.878227065812121 1.1523448285757258 2.7241146906222475 2.8679681701661184 3.68790547562629 0.2 1.0 1.0 0.2 0.3 0.5 0.15 1.0 0.2 0.15 1.0 0.4 13196.096780696427 158.3370884741035 9592.003681579376 178.2355085703843 176.2200801159163 100 3
python3 MAIN_no_enso.py 2.8614943974042033 3.4311632889925234 1.7952105737154547 3.540641238047511 3.170091240290764 0.2 1.0 1.0 0.2 0.3 0.5 0.15 1.0 0.2 0.15 1.0 0.4 7299.854191849977 197.01699394739978 2025.7310685056902 124.43690234961237 72.5312831995694 100 4
python3 MAIN_no_enso.py 2.995310467091926 1.6248436369603536 2.1855488491730686 4.127140708788788 3.9057980035751134 0.2 1.0 1.0 0.2 0.3 0.5 0.15 1.0 0.2 0.15 1.0 0.4 11616.302213655927 271.63988114747474 513.2269198483037 193.81943369276877 112.4550889793779 100 5
python3 MAIN_no_enso.py 1.2400243318650623 1.9971905691586747 1.5162867503472903 4.376705675567923 5.101025281318871 0.2 1.0 1.0 0.2 0.3 0.5 0.15 1.0 0.2 0.15 1.0 0.4 5471.624067897252 150.8355673218177 11095.147333218512 69.05148635249762 104.77905967471133 100 6
python3 MAIN_no_enso.py 3.1468554729240976 2.983299825723466 2.901259793083595 5.024529071598964 5.548116000408776 0.2 1.0 1.0 0.2 0.3 0.5 0.15 1.0 0.2 0.15 1.0 0.4 14778.819507799828 259.88776139616806 11960.441528883943 105.82114268061177 146.71682079803617 100 7
python3 MAIN_no_enso.py 2.2663574546002874 1.6825212648199952 2.3978825702913786 5.883930818737815 5.847816005526019 0.2 1.0 1.0 0.2 0.3 0.5 0.15 1.0 0.2 0.15 1.0 0.4 3100.461771180209 87.5949446541737 4199.232365334012 134.60743544063598 159.16230880809957 100 8
python3 MAIN_no_enso.py 1.836883482883845 3.20448937313615 1.9933160600953757 2.7776358867386195 4.954009376873332 0.2 1.0 1.0 0.2 0.3 0.5 0.15 1.0 0.2 0.15 1.0 0.4 8774.00243434794 228.41198005001644 8558.65874061899 27.159383986901823 132.0789883007426 100 9
python3 MAIN_no_enso.py 1.9063021964563724 2.7200010243654713 1.0646365353936438 5.371707725515352 3.3394620212351156 0.2 1.0 1.0 0.2 0.3 0.5 0.15 1.0 0.2 0.15 1.0 0.4 10689.284115209908 25.813325092451002 6929.101651300739 161.55011333375435 85.3443061967856 100 10
python3 MAIN_no_enso.py 2.538969150865121 2.4338971894700885 1.2674793809277247 1.7995873066297392 4.7888433885658825 0.2 1.0 1.0 0.2 0.3 0.5 0.15 1.0 0.2 0.15 1.0 0.4 1557.5555424582706 51.668684437009226 4808.590858622239 89.94803665414902 52.55548401490568 150 1
python3 MAIN_no_enso.py 1.4852760041553559 3.731091972219357 2.532825654992366 2.3966066515558055 4.329260374785988 0.2 1.0 1.0 0.2 0.3 0.5 0.15 1.0 0.2 0.15 1.0 0.4 5183.1016654534715 100.83018802906962 5905.422919982936 53.63109444526059 194.025535229491 150 2
python3 MAIN_no_enso.py 0.878227065812121 1.1523448285757258 2.7241146906222475 2.8679681701661184 3.68790547562629 0.2 1.0 1.0 0.2 0.3 0.5 0.15 1.0 0.2 0.15 1.0 0.4 13196.096780696427 158.3370884741035 9592.003681579376 178.2355085703843 176.2200801159163 150 3
python3 MAIN_no_enso.py 2.8614943974042033 3.4311632889925234 1.7952105737154547 3.540641238047511 3.170091240290764 0.2 1.0 1.0 0.2 0.3 0.5 0.15 1.0 0.2 0.15 1.0 0.4 7299.854191849977 197.01699394739978 2025.7310685056902 124.43690234961237 72.5312831995694 150 4
python3 MAIN_no_enso.py 2.995310467091926 1.6248436369603536 2.1855488491730686 4.127140708788788 3.9057980035751134 0.2 1.0 1.0 0.2 0.3 0.5 0.15 1.0 0.2 0.15 1.0 0.4 11616.302213655927 271.63988114747474 513.2269198483037 193.81943369276877 112.4550889793779 150 5
python3 MAIN_no_enso.py 1.2400243318650623 1.9971905691586747 1.5162867503472903 4.376705675567923 5.101025281318871 0.2 1.0 1.0 0.2 0.3 0.5 0.15 1.0 0.2 0.15 1.0 0.4 5471.624067897252 150.8355673218177 11095.147333218512 69.05148635249762 104.77905967471133 150 6
python3 MAIN_no_enso.py 3.1468554729240976 2.983299825723466 2.901259793083595 5.024529071598964 5.548116000408776 0.2 1.0 1.0 0.2 0.3 0.5 0.15 1.0 0.2 0.15 1.0 0.4 14778.819507799828 259.88776139616806 11960.441528883943 105.82114268061177 146.71682079803617 150 7
python3 MAIN_no_enso.py 2.2663574546002874 1.6825212648199952 2.3978825702913786 5.883930818737815 5.847816005526019 0.2 1.0 1.0 0.2 0.3 0.5 0.15 1.0 0.2 0.15 1.0 0.4 3100.461771180209 87.5949446541737 4199.232365334012 134.60743544063598 159.16230880809957 150 8
python3 MAIN_no_enso.py 1.836883482883845 3.20448937313615 1.9933160600953757 2.7776358867386195 4.954009376873332 0.2 1.0 1.0 0.2 0.3 0.5 0.15 1.0 0.2 0.15 1.0 0.4 8774.00243434794 228.41198005001644 8558.65874061899 27.159383986901823 132.0789883007426 150 9
python3 MAIN_no_enso.py 1.9063021964563724 2.7200010243654713 1.0646365353936438 5.371707725515352 3.3394620212351156 0.2 1.0 1.0 0.2 0.3 0.5 0.15 1.0 0.2 0.15 1.0 0.4 10689.284115209908 25.813325092451002 6929.101651300739 161.55011333375435 85.3443061967856 150 10
python3 MAIN_no_enso.py 2.538969150865121 2.4338971894700885 1.2674793809277247 1.7995873066297392 4.7888433885658825 0.2 1.0 1.0 0.2 0.3 0.5 0.15 1.0 0.2 0.15 1.0 0.4 1557.5555424582706 51.668684437009226 4808.590858622239 89.94803665414902 52.55548401490568 200 1
python3 MAIN_no_enso.py 1.4852760041553559 3.731091972219357 2.532825654992366 2.3966066515558055 4.329260374785988 0.2 1.0 1.0 0.2 0.3 0.5 0.15 1.0 0.2 0.15 1.0 0.4 5183.1016654534715 100.83018802906962 5905.422919982936 53.63109444526059 194.025535229491 200 2
python3 MAIN_no_enso.py 0.878227065812121 1.1523448285757258 2.7241146906222475 2.8679681701661184 3.68790547562629 0.2 1.0 1.0 0.2 0.3 0.5 0.15 1.0 0.2 0.15 1.0 0.4 13196.096780696427 158.3370884741035 9592.003681579376 178.2355085703843 176.2200801159163 200 3
python3 MAIN_no_enso.py 2.8614943974042033 3.4311632889925234 1.7952105737154547 3.540641238047511 3.170091240290764 0.2 1.0 1.0 0.2 0.3 0.5 0.15 1.0 0.2 0.15 1.0 0.4 7299.854191849977 197.01699394739978 2025.7310685056902 124.43690234961237 72.5312831995694 200 4
python3 MAIN_no_enso.py 2.995310467091926 1.6248436369603536 2.1855488491730686 4.127140708788788 3.9057980035751134 0.2 1.0 1.0 0.2 0.3 0.5 0.15 1.0 0.2 0.15 1.0 0.4 11616.302213655927 271.63988114747474 513.2269198483037 193.81943369276877 112.4550889793779 200 5
python3 MAIN_no_enso.py 1.2400243318650623 1.9971905691586747 1.5162867503472903 4.376705675567923 5.101025281318871 0.2 1.0 1.0 0.2 0.3 0.5 0.15 1.0 0.2 0.15 1.0 0.4 5471.624067897252 150.8355673218177 11095.147333218512 69.05148635249762 104.77905967471133 200 6
python3 MAIN_no_enso.py 3.1468554729240976 2.983299825723466 2.901259793083595 5.024529071598964 5.548116000408776 0.2 1.0 1.0 0.2 0.3 0.5 0.15 1.0 0.2 0.15 1.0 0.4 14778.819507799828 259.88776139616806 11960.441528883943 105.82114268061177 146.71682079803617 200 7
python3 MAIN_no_enso.py 2.2663574546002874 1.6825212648199952 2.3978825702913786 5.883930818737815 5.847816005526019 0.2 1.0 1.0 0.2 0.3 0.5 0.15 1.0 0.2 0.15 1.0 0.4 3100.461771180209 87.5949446541737 4199.232365334012 134.60743544063598 159.16230880809957 200 8
python3 MAIN_no_enso.py 1.836883482883845 3.20448937313615 1.9933160600953757 2.7776358867386195 4.954009376873332 0.2 1.0 1.0 0.2 0.3 0.5 0.15 1.0 0.2 0.15 1.0 0.4 8774.00243434794 228.41198005001644 8558.65874061899 27.159383986901823 132.0789883007426 200 9
python3 MAIN_no_enso.py 1.9063021964563724 2.7200010243654713 1.0646365353936438 5.371707725515352 3.3394620212351156 0.2 1.0 1.0 0.2 0.3 0.5 0.15 1.0 0.2 0.15 1.0 0.4 10689.284115209908 25.813325092451002 6929.101651300739 161.55011333375435 85.3443061967856 200 10
python3 MAIN_no_enso.py 2.538969150865121 2.4338971894700885 1.2674793809277247 1.7995873066297392 4.7888433885658825 0.2 1.0 1.0 0.2 0.3 0.5 0.15 1.0 0.2 0.15 1.0 0.4 1557.5555424582706 51.668684437009226 4808.590858622239 89.94803665414902 52.55548401490568 250 1
python3 MAIN_no_enso.py 1.4852760041553559 3.731091972219357 2.532825654992366 2.3966066515558055 4.329260374785988 0.2 1.0 1.0 0.2 0.3 0.5 0.15 1.0 0.2 0.15 1.0 0.4 5183.1016654534715 100.83018802906962 5905.422919982936 53.63109444526059 194.025535229491 250 2
python3 MAIN_no_enso.py 0.878227065812121 1.1523448285757258 2.7241146906222475 2.8679681701661184 3.68790547562629 0.2 1.0 1.0 0.2 0.3 0.5 0.15 1.0 0.2 0.15 1.0 0.4 13196.096780696427 158.3370884741035 9592.003681579376 178.2355085703843 176.2200801159163 250 3
python3 MAIN_no_enso.py 2.8614943974042033 3.4311632889925234 1.7952105737154547 3.540641238047511 3.170091240290764 0.2 1.0 1.0 0.2 0.3 0.5 0.15 1.0 0.2 0.15 1.0 0.4 7299.854191849977 197.01699394739978 2025.7310685056902 124.43690234961237 72.5312831995694 250 4
python3 MAIN_no_enso.py 2.995310467091926 1.6248436369603536 2.1855488491730686 4.127140708788788 3.9057980035751134 0.2 1.0 1.0 0.2 0.3 0.5 0.15 1.0 0.2 0.15 1.0 0.4 11616.302213655927 271.63988114747474 513.2269198483037 193.81943369276877 112.4550889793779 250 5
python3 MAIN_no_enso.py 1.2400243318650623 1.9971905691586747 1.5162867503472903 4.376705675567923 5.101025281318871 0.2 1.0 1.0 0.2 0.3 0.5 0.15 1.0 0.2 0.15 1.0 0.4 5471.624067897252 150.8355673218177 11095.147333218512 69.05148635249762 104.77905967471133 250 6
python3 MAIN_no_enso.py 3.1468554729240976 2.983299825723466 2.901259793083595 5.024529071598964 5.548116000408776 0.2 1.0 1.0 0.2 0.3 0.5 0.15 1.0 0.2 0.15 1.0 0.4 14778.819507799828 259.88776139616806 11960.441528883943 105.82114268061177 146.71682079803617 250 7
python3 MAIN_no_enso.py 2.2663574546002874 1.6825212648199952 2.3978825702913786 5.883930818737815 5.847816005526019 0.2 1.0 1.0 0.2 0.3 0.5 0.15 1.0 0.2 0.15 1.0 0.4 3100.461771180209 87.5949446541737 4199.232365334012 134.60743544063598 159.16230880809957 250 8
python3 MAIN_no_enso.py 1.836883482883845 3.20448937313615 1.9933160600953757 2.7776358867386195 4.954009376873332 0.2 1.0 1.0 0.2 0.3 0.5 0.15 1.0 0.2 0.15 1.0 0.4 8774.00243434794 228.41198005001644 8558.65874061899 27.159383986901823 132.0789883007426 250 9
python3 MAIN_no_enso.py 1.9063021964563724 2.7200010243654713 1.0646365353936438 5.371707725515352 3.3394620212351156 0.2 1.0 1.0 0.2 0.3 0.5 0.15 1.0 0.2 0.15 1.0 0.4 10689.284115209908 25.813325092451002 6929.101651300739 161.55011333375435 85.3443061967856 250 10
python3 MAIN_no_enso.py 2.538969150865121 2.4338971894700885 1.2674793809277247 1.7995873066297392 4.7888433885658825 0.2 1.0 1.0 0.2 0.3 0.5 0.15 1.0 0.2 0.15 1.0 0.4 1557.5555424582706 51.668684437009226 4808.590858622239 89.94803665414902 52.55548401490568 300 1
python3 MAIN_no_enso.py 1.4852760041553559 3.731091972219357 2.532825654992366 2.3966066515558055 4.329260374785988 0.2 1.0 1.0 0.2 0.3 0.5 0.15 1.0 0.2 0.15 1.0 0.4 5183.1016654534715 100.83018802906962 5905.422919982936 53.63109444526059 194.025535229491 300 2
python3 MAIN_no_enso.py 0.878227065812121 1.1523448285757258 2.7241146906222475 2.8679681701661184 3.68790547562629 0.2 1.0 1.0 0.2 0.3 0.5 0.15 1.0 0.2 0.15 1.0 0.4 13196.096780696427 158.3370884741035 9592.003681579376 178.2355085703843 176.2200801159163 300 3
python3 MAIN_no_enso.py 2.8614943974042033 3.4311632889925234 1.7952105737154547 3.540641238047511 3.170091240290764 0.2 1.0 1.0 0.2 0.3 0.5 0.15 1.0 0.2 0.15 1.0 0.4 7299.854191849977 197.01699394739978 2025.7310685056902 124.43690234961237 72.5312831995694 300 4
python3 MAIN_no_enso.py 2.995310467091926 1.6248436369603536 2.1855488491730686 4.127140708788788 3.9057980035751134 0.2 1.0 1.0 0.2 0.3 0.5 0.15 1.0 0.2 0.15 1.0 0.4 11616.302213655927 271.63988114747474 513.2269198483037 193.81943369276877 112.4550889793779 300 5
python3 MAIN_no_enso.py 1.2400243318650623 1.9971905691586747 1.5162867503472903 4.376705675567923 5.101025281318871 0.2 1.0 1.0 0.2 0.3 0.5 0.15 1.0 0.2 0.15 1.0 0.4 5471.624067897252 150.8355673218177 11095.147333218512 69.05148635249762 104.77905967471133 300 6
python3 MAIN_no_enso.py 3.1468554729240976 2.983299825723466 2.901259793083595 5.024529071598964 5.548116000408776 0.2 1.0 1.0 0.2 0.3 0.5 0.15 1.0 0.2 0.15 1.0 0.4 14778.819507799828 259.88776139616806 11960.441528883943 105.82114268061177 146.71682079803617 300 7
python3 MAIN_no_enso.py 2.2663574546002874 1.6825212648199952 2.3978825702913786 5.883930818737815 5.847816005526019 0.2 1.0 1.0 0.2 0.3 0.5 0.15 1.0 0.2 0.15 1.0 0.4 3100.461771180209 87.5949446541737 4199.232365334012 134.60743544063598 159.16230880809957 300 8
python3 MAIN_no_enso.py 1.836883482883845 3.20448937313615 1.9933160600953757 2.7776358867386195 4.954009376873332 0.2 1.0 1.0 0.2 0.3 0.5 0.15 1.0 0.2 0.15 1.0 0.4 8774.00243434794 228.41198005001644 8558.65874061899 27.159383986901823 132.0789883007426 300 9
python3 MAIN_no_enso.py 1.9063021964563724 2.7200010243654713 1.0646365353936438 5.371707725515352 3.3394620212351156 0.2 1.0 1.0 0.2 0.3 0.5 0.15 1.0 0.2 0.15 1.0 0.4 10689.284115209908 25.813325092451002 6929.101651300739 161.55011333375435 85.3443061967856 300 10
python3 MAIN_no_enso.py 2.538969150865121 2.4338971894700885 1.2674793809277247 1.7995873066297392 4.7888433885658825 0.2 1.0 1.0 0.2 0.3 0.5 0.15 1.0 0.2 0.15 1.0 0.4 1557.5555424582706 51.668684437009226 4808.590858622239 89.94803665414902 52.55548401490568 350 1
python3 MAIN_no_enso.py 1.4852760041553559 3.731091972219357 2.532825654992366 2.3966066515558055 4.329260374785988 0.2 1.0 1.0 0.2 0.3 0.5 0.15 1.0 0.2 0.15 1.0 0.4 5183.1016654534715 100.83018802906962 5905.422919982936 53.63109444526059 194.025535229491 350 2
python3 MAIN_no_enso.py 0.878227065812121 1.1523448285757258 2.7241146906222475 2.8679681701661184 3.68790547562629 0.2 1.0 1.0 0.2 0.3 0.5 0.15 1.0 0.2 0.15 1.0 0.4 13196.096780696427 158.3370884741035 9592.003681579376 178.2355085703843 176.2200801159163 350 3
python3 MAIN_no_enso.py 2.8614943974042033 3.4311632889925234 1.7952105737154547 3.540641238047511 3.170091240290764 0.2 1.0 1.0 0.2 0.3 0.5 0.15 1.0 0.2 0.15 1.0 0.4 7299.854191849977 197.01699394739978 2025.7310685056902 124.43690234961237 72.5312831995694 350 4
python3 MAIN_no_enso.py 2.995310467091926 1.6248436369603536 2.1855488491730686 4.127140708788788 3.9057980035751134 0.2 1.0 1.0 0.2 0.3 0.5 0.15 1.0 0.2 0.15 1.0 0.4 11616.302213655927 271.63988114747474 513.2269198483037 193.81943369276877 112.4550889793779 350 5
python3 MAIN_no_enso.py 1.2400243318650623 1.9971905691586747 1.5162867503472903 4.376705675567923 5.101025281318871 0.2 1.0 1.0 0.2 0.3 0.5 0.15 1.0 0.2 0.15 1.0 0.4 5471.624067897252 150.8355673218177 11095.147333218512 69.05148635249762 104.77905967471133 350 6
python3 MAIN_no_enso.py 3.1468554729240976 2.983299825723466 2.901259793083595 5.024529071598964 5.548116000408776 0.2 1.0 1.0 0.2 0.3 0.5 0.15 1.0 0.2 0.15 1.0 0.4 14778.819507799828 259.88776139616806 11960.441528883943 105.82114268061177 146.71682079803617 350 7
python3 MAIN_no_enso.py 2.2663574546002874 1.6825212648199952 2.3978825702913786 5.883930818737815 5.847816005526019 0.2 1.0 1.0 0.2 0.3 0.5 0.15 1.0 0.2 0.15 1.0 0.4 3100.461771180209 87.5949446541737 4199.232365334012 134.60743544063598 159.16230880809957 350 8
python3 MAIN_no_enso.py 1.836883482883845 3.20448937313615 1.9933160600953757 2.7776358867386195 4.954009376873332 0.2 1.0 1.0 0.2 0.3 0.5 0.15 1.0 0.2 0.15 1.0 0.4 8774.00243434794 228.41198005001644 8558.65874061899 27.159383986901823 132.0789883007426 350 9
python3 MAIN_no_enso.py 1.9063021964563724 2.7200010243654713 1.0646365353936438 5.371707725515352 3.3394620212351156 0.2 1.0 1.0 0.2 0.3 0.5 0.15 1.0 0.2 0.15 1.0 0.4 10689.284115209908 25.813325092451002 6929.101651300739 161.55011333375435 85.3443061967856 350 10
python3 MAIN_no_enso.py 2.538969150865121 2.4338971894700885 1.2674793809277247 1.7995873066297392 4.7888433885658825 0.2 1.0 1.0 0.2 0.3 0.5 0.15 1.0 0.2 0.15 1.0 0.4 1557.5555424582706 51.668684437009226 4808.590858622239 89.94803665414902 52.55548401490568 400 1
python3 MAIN_no_enso.py 1.4852760041553559 3.731091972219357 2.532825654992366 2.3966066515558055 4.329260374785988 0.2 1.0 1.0 0.2 0.3 0.5 0.15 1.0 0.2 0.15 1.0 0.4 5183.1016654534715 100.83018802906962 5905.422919982936 53.63109444526059 194.025535229491 400 2
python3 MAIN_no_enso.py 0.878227065812121 1.1523448285757258 2.7241146906222475 2.8679681701661184 3.68790547562629 0.2 1.0 1.0 0.2 0.3 0.5 0.15 1.0 0.2 0.15 1.0 0.4 13196.096780696427 158.3370884741035 9592.003681579376 178.2355085703843 176.2200801159163 400 3
python3 MAIN_no_enso.py 2.8614943974042033 3.4311632889925234 1.7952105737154547 3.540641238047511 3.170091240290764 0.2 1.0 1.0 0.2 0.3 0.5 0.15 1.0 0.2 0.15 1.0 0.4 7299.854191849977 197.01699394739978 2025.7310685056902 124.43690234961237 72.5312831995694 400 4
python3 MAIN_no_enso.py 2.995310467091926 1.6248436369603536 2.1855488491730686 4.127140708788788 3.9057980035751134 0.2 1.0 1.0 0.2 0.3 0.5 0.15 1.0 0.2 0.15 1.0 0.4 11616.302213655927 271.63988114747474 513.2269198483037 193.81943369276877 112.4550889793779 400 5
python3 MAIN_no_enso.py 1.2400243318650623 1.9971905691586747 1.5162867503472903 4.376705675567923 5.101025281318871 0.2 1.0 1.0 0.2 0.3 0.5 0.15 1.0 0.2 0.15 1.0 0.4 5471.624067897252 150.8355673218177 11095.147333218512 69.05148635249762 104.77905967471133 400 6
python3 MAIN_no_enso.py 3.1468554729240976 2.983299825723466 2.901259793083595 5.024529071598964 5.548116000408776 0.2 1.0 1.0 0.2 0.3 0.5 0.15 1.0 0.2 0.15 1.0 0.4 14778.819507799828 259.88776139616806 11960.441528883943 105.82114268061177 146.71682079803617 400 7
python3 MAIN_no_enso.py 2.2663574546002874 1.6825212648199952 2.3978825702913786 5.883930818737815 5.847816005526019 0.2 1.0 1.0 0.2 0.3 0.5 0.15 1.0 0.2 0.15 1.0 0.4 3100.461771180209 87.5949446541737 4199.232365334012 134.60743544063598 159.16230880809957 400 8
python3 MAIN_no_enso.py 1.836883482883845 3.20448937313615 1.9933160600953757 2.7776358867386195 4.954009376873332 0.2 1.0 1.0 0.2 0.3 0.5 0.15 1.0 0.2 0.15 1.0 0.4 8774.00243434794 228.41198005001644 8558.65874061899 27.159383986901823 132.0789883007426 400 9
python3 MAIN_no_enso.py 1.9063021964563724 2.7200010243654713 1.0646365353936438 5.371707725515352 3.3394620212351156 0.2 1.0 1.0 0.2 0.3 0.5 0.15 1.0 0.2 0.15 1.0 0.4 10689.284115209908 25.813325092451002 6929.101651300739 161.55011333375435 85.3443061967856 400 10
python3 MAIN_no_enso.py 2.538969150865121 2.4338971894700885 1.2674793809277247 1.7995873066297392 4.7888433885658825 0.2 1.0 1.0 0.2 0.3 0.5 0.15 1.0 0.2 0.15 1.0 0.4 1557.5555424582706 51.668684437009226 4808.590858622239 89.94803665414902 52.55548401490568 450 1
python3 MAIN_no_enso.py 1.4852760041553559 3.731091972219357 2.532825654992366 2.3966066515558055 4.329260374785988 0.2 1.0 1.0 0.2 0.3 0.5 0.15 1.0 0.2 0.15 1.0 0.4 5183.1016654534715 100.83018802906962 5905.422919982936 53.63109444526059 194.025535229491 450 2
python3 MAIN_no_enso.py 0.878227065812121 1.1523448285757258 2.7241146906222475 2.8679681701661184 3.68790547562629 0.2 1.0 1.0 0.2 0.3 0.5 0.15 1.0 0.2 0.15 1.0 0.4 13196.096780696427 158.3370884741035 9592.003681579376 178.2355085703843 176.2200801159163 450 3
python3 MAIN_no_enso.py 2.8614943974042033 3.4311632889925234 1.7952105737154547 3.540641238047511 3.170091240290764 0.2 1.0 1.0 0.2 0.3 0.5 0.15 1.0 0.2 0.15 1.0 0.4 7299.854191849977 197.01699394739978 2025.7310685056902 124.43690234961237 72.5312831995694 450 4
python3 MAIN_no_enso.py 2.995310467091926 1.6248436369603536 2.1855488491730686 4.127140708788788 3.9057980035751134 0.2 1.0 1.0 0.2 0.3 0.5 0.15 1.0 0.2 0.15 1.0 0.4 11616.302213655927 271.63988114747474 513.2269198483037 193.81943369276877 112.4550889793779 450 5
python3 MAIN_no_enso.py 1.2400243318650623 1.9971905691586747 1.5162867503472903 4.376705675567923 5.101025281318871 0.2 1.0 1.0 0.2 0.3 0.5 0.15 1.0 0.2 0.15 1.0 0.4 5471.624067897252 150.8355673218177 11095.147333218512 69.05148635249762 104.77905967471133 450 6
python3 MAIN_no_enso.py 3.1468554729240976 2.983299825723466 2.901259793083595 5.024529071598964 5.548116000408776 0.2 1.0 1.0 0.2 0.3 0.5 0.15 1.0 0.2 0.15 1.0 0.4 14778.819507799828 259.88776139616806 11960.441528883943 105.82114268061177 146.71682079803617 450 7
python3 MAIN_no_enso.py 2.2663574546002874 1.6825212648199952 2.3978825702913786 5.883930818737815 5.847816005526019 0.2 1.0 1.0 0.2 0.3 0.5 0.15 1.0 0.2 0.15 1.0 0.4 3100.461771180209 87.5949446541737 4199.232365334012 134.60743544063598 159.16230880809957 450 8
python3 MAIN_no_enso.py 1.836883482883845 3.20448937313615 1.9933160600953757 2.7776358867386195 4.954009376873332 0.2 1.0 1.0 0.2 0.3 0.5 0.15 1.0 0.2 0.15 1.0 0.4 8774.00243434794 228.41198005001644 8558.65874061899 27.159383986901823 132.0789883007426 450 9
python3 MAIN_no_enso.py 1.9063021964563724 2.7200010243654713 1.0646365353936438 5.371707725515352 3.3394620212351156 0.2 1.0 1.0 0.2 0.3 0.5 0.15 1.0 0.2 0.15 1.0 0.4 10689.284115209908 25.813325092451002 6929.101651300739 161.55011333375435 85.3443061967856 450 10
python3 MAIN_no_enso.py 2.538969150865121 2.4338971894700885 1.2674793809277247 1.7995873066297392 4.7888433885658825 0.2 1.0 1.0 0.2 0.3 0.5 0.15 1.0 0.2 0.15 1.0 0.4 1557.5555424582706 51.668684437009226 4808.590858622239 89.94803665414902 52.55548401490568 500 1
python3 MAIN_no_enso.py 1.4852760041553559 3.731091972219357 2.532825654992366 2.3966066515558055 4.329260374785988 0.2 1.0 1.0 0.2 0.3 0.5 0.15 1.0 0.2 0.15 1.0 0.4 5183.1016654534715 100.83018802906962 5905.422919982936 53.63109444526059 194.025535229491 500 2
python3 MAIN_no_enso.py 0.878227065812121 1.1523448285757258 2.7241146906222475 2.8679681701661184 3.68790547562629 0.2 1.0 1.0 0.2 0.3 0.5 0.15 1.0 0.2 0.15 1.0 0.4 13196.096780696427 158.3370884741035 9592.003681579376 178.2355085703843 176.2200801159163 500 3
python3 MAIN_no_enso.py 2.8614943974042033 3.4311632889925234 1.7952105737154547 3.540641238047511 3.170091240290764 0.2 1.0 1.0 0.2 0.3 0.5 0.15 1.0 0.2 0.15 1.0 0.4 7299.854191849977 197.01699394739978 2025.7310685056902 124.43690234961237 72.5312831995694 500 4
python3 MAIN_no_enso.py 2.995310467091926 1.6248436369603536 2.1855488491730686 4.127140708788788 3.9057980035751134 0.2 1.0 1.0 0.2 0.3 0.5 0.15 1.0 0.2 0.15 1.0 0.4 11616.302213655927 271.63988114747474 513.2269198483037 193.81943369276877 112.4550889793779 500 5
python3 MAIN_no_enso.py 1.2400243318650623 1.9971905691586747 1.5162867503472903 4.376705675567923 5.101025281318871 0.2 1.0 1.0 0.2 0.3 0.5 0.15 1.0 0.2 0.15 1.0 0.4 5471.624067897252 150.8355673218177 11095.147333218512 69.05148635249762 104.77905967471133 500 6
python3 MAIN_no_enso.py 3.1468554729240976 2.983299825723466 2.901259793083595 5.024529071598964 5.548116000408776 0.2 1.0 1.0 0.2 0.3 0.5 0.15 1.0 0.2 0.15 1.0 0.4 14778.819507799828 259.88776139616806 11960.441528883943 105.82114268061177 146.71682079803617 500 7
python3 MAIN_no_enso.py 2.2663574546002874 1.6825212648199952 2.3978825702913786 5.883930818737815 5.847816005526019 0.2 1.0 1.0 0.2 0.3 0.5 0.15 1.0 0.2 0.15 1.0 0.4 3100.461771180209 87.5949446541737 4199.232365334012 134.60743544063598 159.16230880809957 500 8
python3 MAIN_no_enso.py 1.836883482883845 3.20448937313615 1.9933160600953757 2.7776358867386195 4.954009376873332 0.2 1.0 1.0 0.2 0.3 0.5 0.15 1.0 0.2 0.15 1.0 0.4 8774.00243434794 228.41198005001644 8558.65874061899 27.159383986901823 132.0789883007426 500 9
python3 MAIN_no_enso.py 1.9063021964563724 2.7200010243654713 1.0646365353936438 5.371707725515352 3.3394620212351156 0.2 1.0 1.0 0.2 0.3 0.5 0.15 1.0 0.2 0.15 1.0 0.4 10689.284115209908 25.813325092451002 6929.101651300739 161.55011333375435 85.3443061967856 500 10
python3 MAIN_no_enso.py 2.538969150865121 2.4338971894700885 1.2674793809277247 1.7995873066297392 4.7888433885658825 0.2 1.0 1.0 0.2 0.3 0.5 0.15 1.0 0.2 0.15 1.0 0.4 1557.5555424582706 51.668684437009226 4808.590858622239 89.94803665414902 52.55548401490568 550 1
python3 MAIN_no_enso.py 1.4852760041553559 3.731091972219357 2.532825654992366 2.3966066515558055 4.329260374785988 0.2 1.0 1.0 0.2 0.3 0.5 0.15 1.0 0.2 0.15 1.0 0.4 5183.1016654534715 100.83018802906962 5905.422919982936 53.63109444526059 194.025535229491 550 2
python3 MAIN_no_enso.py 0.878227065812121 1.1523448285757258 2.7241146906222475 2.8679681701661184 3.68790547562629 0.2 1.0 1.0 0.2 0.3 0.5 0.15 1.0 0.2 0.15 1.0 0.4 13196.096780696427 158.3370884741035 9592.003681579376 178.2355085703843 176.2200801159163 550 3
python3 MAIN_no_enso.py 2.8614943974042033 3.4311632889925234 1.7952105737154547 3.540641238047511 3.170091240290764 0.2 1.0 1.0 0.2 0.3 0.5 0.15 1.0 0.2 0.15 1.0 0.4 7299.854191849977 197.01699394739978 2025.7310685056902 124.43690234961237 72.5312831995694 550 4
python3 MAIN_no_enso.py 2.995310467091926 1.6248436369603536 2.1855488491730686 4.127140708788788 3.9057980035751134 0.2 1.0 1.0 0.2 0.3 0.5 0.15 1.0 0.2 0.15 1.0 0.4 11616.302213655927 271.63988114747474 513.2269198483037 193.81943369276877 112.4550889793779 550 5
python3 MAIN_no_enso.py 1.2400243318650623 1.9971905691586747 1.5162867503472903 4.376705675567923 5.101025281318871 0.2 1.0 1.0 0.2 0.3 0.5 0.15 1.0 0.2 0.15 1.0 0.4 5471.624067897252 150.8355673218177 11095.147333218512 69.05148635249762 104.77905967471133 550 6
python3 MAIN_no_enso.py 3.1468554729240976 2.983299825723466 2.901259793083595 5.024529071598964 5.548116000408776 0.2 1.0 1.0 0.2 0.3 0.5 0.15 1.0 0.2 0.15 1.0 0.4 14778.819507799828 259.88776139616806 11960.441528883943 105.82114268061177 146.71682079803617 550 7
python3 MAIN_no_enso.py 2.2663574546002874 1.6825212648199952 2.3978825702913786 5.883930818737815 5.847816005526019 0.2 1.0 1.0 0.2 0.3 0.5 0.15 1.0 0.2 0.15 1.0 0.4 3100.461771180209 87.5949446541737 4199.232365334012 134.60743544063598 159.16230880809957 550 8
python3 MAIN_no_enso.py 1.836883482883845 3.20448937313615 1.9933160600953757 2.7776358867386195 4.954009376873332 0.2 1.0 1.0 0.2 0.3 0.5 0.15 1.0 0.2 0.15 1.0 0.4 8774.00243434794 228.41198005001644 8558.65874061899 27.159383986901823 132.0789883007426 550 9
python3 MAIN_no_enso.py 1.9063021964563724 2.7200010243654713 1.0646365353936438 5.371707725515352 3.3394620212351156 0.2 1.0 1.0 0.2 0.3 0.5 0.15 1.0 0.2 0.15 1.0 0.4 10689.284115209908 25.813325092451002 6929.101651300739 161.55011333375435 85.3443061967856 550 10
python3 MAIN_no_enso.py 2.538969150865121 2.4338971894700885 1.2674793809277247 1.7995873066297392 4.7888433885658825 0.2 1.0 1.0 0.2 0.3 0.5 0.15 1.0 0.2 0.15 1.0 0.4 1557.5555424582706 51.668684437009226 4808.590858622239 89.94803665414902 52.55548401490568 600 1
python3 MAIN_no_enso.py 1.4852760041553559 3.731091972219357 2.532825654992366 2.3966066515558055 4.329260374785988 0.2 1.0 1.0 0.2 0.3 0.5 0.15 1.0 0.2 0.15 1.0 0.4 5183.1016654534715 100.83018802906962 5905.422919982936 53.63109444526059 194.025535229491 600 2
python3 MAIN_no_enso.py 0.878227065812121 1.1523448285757258 2.7241146906222475 2.8679681701661184 3.68790547562629 0.2 1.0 1.0 0.2 0.3 0.5 0.15 1.0 0.2 0.15 1.0 0.4 13196.096780696427 158.3370884741035 9592.003681579376 178.2355085703843 176.2200801159163 600 3
python3 MAIN_no_enso.py 2.8614943974042033 3.4311632889925234 1.7952105737154547 3.540641238047511 3.170091240290764 0.2 1.0 1.0 0.2 0.3 0.5 0.15 1.0 0.2 0.15 1.0 0.4 7299.854191849977 197.01699394739978 2025.7310685056902 124.43690234961237 72.5312831995694 600 4
python3 MAIN_no_enso.py 2.995310467091926 1.6248436369603536 2.1855488491730686 4.127140708788788 3.9057980035751134 0.2 1.0 1.0 0.2 0.3 0.5 0.15 1.0 0.2 0.15 1.0 0.4 11616.302213655927 271.63988114747474 513.2269198483037 193.81943369276877 112.4550889793779 600 5
python3 MAIN_no_enso.py 1.2400243318650623 1.9971905691586747 1.5162867503472903 4.376705675567923 5.101025281318871 0.2 1.0 1.0 0.2 0.3 0.5 0.15 1.0 0.2 0.15 1.0 0.4 5471.624067897252 150.8355673218177 11095.147333218512 69.05148635249762 104.77905967471133 600 6
python3 MAIN_no_enso.py 3.1468554729240976 2.983299825723466 2.901259793083595 5.024529071598964 5.548116000408776 0.2 1.0 1.0 0.2 0.3 0.5 0.15 1.0 0.2 0.15 1.0 0.4 14778.819507799828 259.88776139616806 11960.441528883943 105.82114268061177 146.71682079803617 600 7
python3 MAIN_no_enso.py 2.2663574546002874 1.6825212648199952 2.3978825702913786 5.883930818737815 5.847816005526019 0.2 1.0 1.0 0.2 0.3 0.5 0.15 1.0 0.2 0.15 1.0 0.4 3100.461771180209 87.5949446541737 4199.232365334012 134.60743544063598 159.16230880809957 600 8
python3 MAIN_no_enso.py 1.836883482883845 3.20448937313615 1.9933160600953757 2.7776358867386195 4.954009376873332 0.2 1.0 1.0 0.2 0.3 0.5 0.15 1.0 0.2 0.15 1.0 0.4 8774.00243434794 228.41198005001644 8558.65874061899 27.159383986901823 132.0789883007426 600 9
python3 MAIN_no_enso.py 1.9063021964563724 2.7200010243654713 1.0646365353936438 5.371707725515352 3.3394620212351156 0.2 1.0 1.0 0.2 0.3 0.5 0.15 1.0 0.2 0.15 1.0 0.4 10689.284115209908 25.813325092451002 6929.101651300739 161.55011333375435 85.3443061967856 600 10
python3 MAIN_no_enso.py 2.538969150865121 2.4338971894700885 1.2674793809277247 1.7995873066297392 4.7888433885658825 0.2 1.0 1.0 0.2 0.3 0.5 0.15 1.0 0.2 0.15 1.0 0.4 1557.5555424582706 51.668684437009226 4808.590858622239 89.94803665414902 52.55548401490568 650 1
python3 MAIN_no_enso.py 1.4852760041553559 3.731091972219357 2.532825654992366 2.3966066515558055 4.329260374785988 0.2 1.0 1.0 0.2 0.3 0.5 0.15 1.0 0.2 0.15 1.0 0.4 5183.1016654534715 100.83018802906962 5905.422919982936 53.63109444526059 194.025535229491 650 2
python3 MAIN_no_enso.py 0.878227065812121 1.1523448285757258 2.7241146906222475 2.8679681701661184 3.68790547562629 0.2 1.0 1.0 0.2 0.3 0.5 0.15 1.0 0.2 0.15 1.0 0.4 13196.096780696427 158.3370884741035 9592.003681579376 178.2355085703843 176.2200801159163 650 3
python3 MAIN_no_enso.py 2.8614943974042033 3.4311632889925234 1.7952105737154547 3.540641238047511 3.170091240290764 0.2 1.0 1.0 0.2 0.3 0.5 0.15 1.0 0.2 0.15 1.0 0.4 7299.854191849977 197.01699394739978 2025.7310685056902 124.43690234961237 72.5312831995694 650 4
python3 MAIN_no_enso.py 2.995310467091926 1.6248436369603536 2.1855488491730686 4.127140708788788 3.9057980035751134 0.2 1.0 1.0 0.2 0.3 0.5 0.15 1.0 0.2 0.15 1.0 0.4 11616.302213655927 271.63988114747474 513.2269198483037 193.81943369276877 112.4550889793779 650 5
python3 MAIN_no_enso.py 1.2400243318650623 1.9971905691586747 1.5162867503472903 4.376705675567923 5.101025281318871 0.2 1.0 1.0 0.2 0.3 0.5 0.15 1.0 0.2 0.15 1.0 0.4 5471.624067897252 150.8355673218177 11095.147333218512 69.05148635249762 104.77905967471133 650 6
python3 MAIN_no_enso.py 3.1468554729240976 2.983299825723466 2.901259793083595 5.024529071598964 5.548116000408776 0.2 1.0 1.0 0.2 0.3 0.5 0.15 1.0 0.2 0.15 1.0 0.4 14778.819507799828 259.88776139616806 11960.441528883943 105.82114268061177 146.71682079803617 650 7
python3 MAIN_no_enso.py 2.2663574546002874 1.6825212648199952 2.3978825702913786 5.883930818737815 5.847816005526019 0.2 1.0 1.0 0.2 0.3 0.5 0.15 1.0 0.2 0.15 1.0 0.4 3100.461771180209 87.5949446541737 4199.232365334012 134.60743544063598 159.16230880809957 650 8
python3 MAIN_no_enso.py 1.836883482883845 3.20448937313615 1.9933160600953757 2.7776358867386195 4.954009376873332 0.2 1.0 1.0 0.2 0.3 0.5 0.15 1.0 0.2 0.15 1.0 0.4 8774.00243434794 228.41198005001644 8558.65874061899 27.159383986901823 132.0789883007426 650 9
python3 MAIN_no_enso.py 1.9063021964563724 2.7200010243654713 1.0646365353936438 5.371707725515352 3.3394620212351156 0.2 1.0 1.0 0.2 0.3 0.5 0.15 1.0 0.2 0.15 1.0 0.4 10689.284115209908 25.813325092451002 6929.101651300739 161.55011333375435 85.3443061967856 650 10
python3 MAIN_no_enso.py 2.538969150865121 2.4338971894700885 1.2674793809277247 1.7995873066297392 4.7888433885658825 0.2 1.0 1.0 0.2 0.3 0.5 0.15 1.0 0.2 0.15 1.0 0.4 1557.5555424582706 51.668684437009226 4808.590858622239 89.94803665414902 52.55548401490568 700 1
python3 MAIN_no_enso.py 1.4852760041553559 3.731091972219357 2.532825654992366 2.3966066515558055 4.329260374785988 0.2 1.0 1.0 0.2 0.3 0.5 0.15 1.0 0.2 0.15 1.0 0.4 5183.1016654534715 100.83018802906962 5905.422919982936 53.63109444526059 194.025535229491 700 2
python3 MAIN_no_enso.py 0.878227065812121 1.1523448285757258 2.7241146906222475 2.8679681701661184 3.68790547562629 0.2 1.0 1.0 0.2 0.3 0.5 0.15 1.0 0.2 0.15 1.0 0.4 13196.096780696427 158.3370884741035 9592.003681579376 178.2355085703843 176.2200801159163 700 3
python3 MAIN_no_enso.py 2.8614943974042033 3.4311632889925234 1.7952105737154547 3.540641238047511 3.170091240290764 0.2 1.0 1.0 0.2 0.3 0.5 0.15 1.0 0.2 0.15 1.0 0.4 7299.854191849977 197.01699394739978 2025.7310685056902 124.43690234961237 72.5312831995694 700 4
python3 MAIN_no_enso.py 2.995310467091926 1.6248436369603536 2.1855488491730686 4.127140708788788 3.9057980035751134 0.2 1.0 1.0 0.2 0.3 0.5 0.15 1.0 0.2 0.15 1.0 0.4 11616.302213655927 271.63988114747474 513.2269198483037 193.81943369276877 112.4550889793779 700 5
python3 MAIN_no_enso.py 1.2400243318650623 1.9971905691586747 1.5162867503472903 4.376705675567923 5.101025281318871 0.2 1.0 1.0 0.2 0.3 0.5 0.15 1.0 0.2 0.15 1.0 0.4 5471.624067897252 150.8355673218177 11095.147333218512 69.05148635249762 104.77905967471133 700 6
python3 MAIN_no_enso.py 3.1468554729240976 2.983299825723466 2.901259793083595 5.024529071598964 5.548116000408776 0.2 1.0 1.0 0.2 0.3 0.5 0.15 1.0 0.2 0.15 1.0 0.4 14778.819507799828 259.88776139616806 11960.441528883943 105.82114268061177 146.71682079803617 700 7
python3 MAIN_no_enso.py 2.2663574546002874 1.6825212648199952 2.3978825702913786 5.883930818737815 5.847816005526019 0.2 1.0 1.0 0.2 0.3 0.5 0.15 1.0 0.2 0.15 1.0 0.4 3100.461771180209 87.5949446541737 4199.232365334012 134.60743544063598 159.16230880809957 700 8
python3 MAIN_no_enso.py 1.836883482883845 3.20448937313615 1.9933160600953757 2.7776358867386195 4.954009376873332 0.2 1.0 1.0 0.2 0.3 0.5 0.15 1.0 0.2 0.15 1.0 0.4 8774.00243434794 228.41198005001644 8558.65874061899 27.159383986901823 132.0789883007426 700 9
python3 MAIN_no_enso.py 1.9063021964563724 2.7200010243654713 1.0646365353936438 5.371707725515352 3.3394620212351156 0.2 1.0 1.0 0.2 0.3 0.5 0.15 1.0 0.2 0.15 1.0 0.4 10689.284115209908 25.813325092451002 6929.101651300739 161.55011333375435 85.3443061967856 700 10
python3 MAIN_no_enso.py 2.538969150865121 2.4338971894700885 1.2674793809277247 1.7995873066297392 4.7888433885658825 0.2 1.0 1.0 0.2 0.3 0.5 0.15 1.0 0.2 0.15 1.0 0.4 1557.5555424582706 51.668684437009226 4808.590858622239 89.94803665414902 52.55548401490568 750 1
python3 MAIN_no_enso.py 1.4852760041553559 3.731091972219357 2.532825654992366 2.3966066515558055 4.329260374785988 0.2 1.0 1.0 0.2 0.3 0.5 0.15 1.0 0.2 0.15 1.0 0.4 5183.1016654534715 100.83018802906962 5905.422919982936 53.63109444526059 194.025535229491 750 2
python3 MAIN_no_enso.py 0.878227065812121 1.1523448285757258 2.7241146906222475 2.8679681701661184 3.68790547562629 0.2 1.0 1.0 0.2 0.3 0.5 0.15 1.0 0.2 0.15 1.0 0.4 13196.096780696427 158.3370884741035 9592.003681579376 178.2355085703843 176.2200801159163 750 3
python3 MAIN_no_enso.py 2.8614943974042033 3.4311632889925234 1.7952105737154547 3.540641238047511 3.170091240290764 0.2 1.0 1.0 0.2 0.3 0.5 0.15 1.0 0.2 0.15 1.0 0.4 7299.854191849977 197.01699394739978 2025.7310685056902 124.43690234961237 72.5312831995694 750 4
python3 MAIN_no_enso.py 2.995310467091926 1.6248436369603536 2.1855488491730686 4.127140708788788 3.9057980035751134 0.2 1.0 1.0 0.2 0.3 0.5 0.15 1.0 0.2 0.15 1.0 0.4 11616.302213655927 271.63988114747474 513.2269198483037 193.81943369276877 112.4550889793779 750 5
python3 MAIN_no_enso.py 1.2400243318650623 1.9971905691586747 1.5162867503472903 4.376705675567923 5.101025281318871 0.2 1.0 1.0 0.2 0.3 0.5 0.15 1.0 0.2 0.15 1.0 0.4 5471.624067897252 150.8355673218177 11095.147333218512 69.05148635249762 104.77905967471133 750 6
python3 MAIN_no_enso.py 3.1468554729240976 2.983299825723466 2.901259793083595 5.024529071598964 5.548116000408776 0.2 1.0 1.0 0.2 0.3 0.5 0.15 1.0 0.2 0.15 1.0 0.4 14778.819507799828 259.88776139616806 11960.441528883943 105.82114268061177 146.71682079803617 750 7
python3 MAIN_no_enso.py 2.2663574546002874 1.6825212648199952 2.3978825702913786 5.883930818737815 5.847816005526019 0.2 1.0 1.0 0.2 0.3 0.5 0.15 1.0 0.2 0.15 1.0 0.4 3100.461771180209 87.5949446541737 4199.232365334012 134.60743544063598 159.16230880809957 750 8
python3 MAIN_no_enso.py 1.836883482883845 3.20448937313615 1.9933160600953757 2.7776358867386195 4.954009376873332 0.2 1.0 1.0 0.2 0.3 0.5 0.15 1.0 0.2 0.15 1.0 0.4 8774.00243434794 228.41198005001644 8558.65874061899 27.159383986901823 132.0789883007426 750 9
python3 MAIN_no_enso.py 1.9063021964563724 2.7200010243654713 1.0646365353936438 5.371707725515352 3.3394620212351156 0.2 1.0 1.0 0.2 0.3 0.5 0.15 1.0 0.2 0.15 1.0 0.4 10689.284115209908 25.813325092451002 6929.101651300739 161.55011333375435 85.3443061967856 750 10
python3 MAIN_no_enso.py 2.538969150865121 2.4338971894700885 1.2674793809277247 1.7995873066297392 4.7888433885658825 0.2 1.0 1.0 0.2 0.3 0.5 0.15 1.0 0.2 0.15 1.0 0.4 1557.5555424582706 51.668684437009226 4808.590858622239 89.94803665414902 52.55548401490568 800 1
python3 MAIN_no_enso.py 1.4852760041553559 3.731091972219357 2.532825654992366 2.3966066515558055 4.329260374785988 0.2 1.0 1.0 0.2 0.3 0.5 0.15 1.0 0.2 0.15 1.0 0.4 5183.1016654534715 100.83018802906962 5905.422919982936 53.63109444526059 194.025535229491 800 2
python3 MAIN_no_enso.py 0.878227065812121 1.1523448285757258 2.7241146906222475 2.8679681701661184 3.68790547562629 0.2 1.0 1.0 0.2 0.3 0.5 0.15 1.0 0.2 0.15 1.0 0.4 13196.096780696427 158.3370884741035 9592.003681579376 178.2355085703843 176.2200801159163 800 3
python3 MAIN_no_enso.py 2.8614943974042033 3.4311632889925234 1.7952105737154547 3.540641238047511 3.170091240290764 0.2 1.0 1.0 0.2 0.3 0.5 0.15 1.0 0.2 0.15 1.0 0.4 7299.854191849977 197.01699394739978 2025.7310685056902 124.43690234961237 72.5312831995694 800 4
python3 MAIN_no_enso.py 2.995310467091926 1.6248436369603536 2.1855488491730686 4.127140708788788 3.9057980035751134 0.2 1.0 1.0 0.2 0.3 0.5 0.15 1.0 0.2 0.15 1.0 0.4 11616.302213655927 271.63988114747474 513.2269198483037 193.81943369276877 112.4550889793779 800 5
python3 MAIN_no_enso.py 1.2400243318650623 1.9971905691586747 1.5162867503472903 4.376705675567923 5.101025281318871 0.2 1.0 1.0 0.2 0.3 0.5 0.15 1.0 0.2 0.15 1.0 0.4 5471.624067897252 150.8355673218177 11095.147333218512 69.05148635249762 104.77905967471133 800 6
python3 MAIN_no_enso.py 3.1468554729240976 2.983299825723466 2.901259793083595 5.024529071598964 5.548116000408776 0.2 1.0 1.0 0.2 0.3 0.5 0.15 1.0 0.2 0.15 1.0 0.4 14778.819507799828 259.88776139616806 11960.441528883943 105.82114268061177 146.71682079803617 800 7
python3 MAIN_no_enso.py 2.2663574546002874 1.6825212648199952 2.3978825702913786 5.883930818737815 5.847816005526019 0.2 1.0 1.0 0.2 0.3 0.5 0.15 1.0 0.2 0.15 1.0 0.4 3100.461771180209 87.5949446541737 4199.232365334012 134.60743544063598 159.16230880809957 800 8
python3 MAIN_no_enso.py 1.836883482883845 3.20448937313615 1.9933160600953757 2.7776358867386195 4.954009376873332 0.2 1.0 1.0 0.2 0.3 0.5 0.15 1.0 0.2 0.15 1.0 0.4 8774.00243434794 228.41198005001644 8558.65874061899 27.159383986901823 132.0789883007426 800 9
python3 MAIN_no_enso.py 1.9063021964563724 2.7200010243654713 1.0646365353936438 5.371707725515352 3.3394620212351156 0.2 1.0 1.0 0.2 0.3 0.5 0.15 1.0 0.2 0.15 1.0 0.4 10689.284115209908 25.813325092451002 6929.101651300739 161.55011333375435 85.3443061967856 800 10
python3 MAIN_no_enso.py 2.538969150865121 2.4338971894700885 1.2674793809277247 1.7995873066297392 4.7888433885658825 0.2 1.0 1.0 0.2 0.3 0.5 0.15 1.0 0.2 0.15 1.0 0.4 1557.5555424582706 51.668684437009226 4808.590858622239 89.94803665414902 52.55548401490568 850 1
python3 MAIN_no_enso.py 1.4852760041553559 3.731091972219357 2.532825654992366 2.3966066515558055 4.329260374785988 0.2 1.0 1.0 0.2 0.3 0.5 0.15 1.0 0.2 0.15 1.0 0.4 5183.1016654534715 100.83018802906962 5905.422919982936 53.63109444526059 194.025535229491 850 2
python3 MAIN_no_enso.py 0.878227065812121 1.1523448285757258 2.7241146906222475 2.8679681701661184 3.68790547562629 0.2 1.0 1.0 0.2 0.3 0.5 0.15 1.0 0.2 0.15 1.0 0.4 13196.096780696427 158.3370884741035 9592.003681579376 178.2355085703843 176.2200801159163 850 3
python3 MAIN_no_enso.py 2.8614943974042033 3.4311632889925234 1.7952105737154547 3.540641238047511 3.170091240290764 0.2 1.0 1.0 0.2 0.3 0.5 0.15 1.0 0.2 0.15 1.0 0.4 7299.854191849977 197.01699394739978 2025.7310685056902 124.43690234961237 72.5312831995694 850 4
python3 MAIN_no_enso.py 2.995310467091926 1.6248436369603536 2.1855488491730686 4.127140708788788 3.9057980035751134 0.2 1.0 1.0 0.2 0.3 0.5 0.15 1.0 0.2 0.15 1.0 0.4 11616.302213655927 271.63988114747474 513.2269198483037 193.81943369276877 112.4550889793779 850 5
python3 MAIN_no_enso.py 1.2400243318650623 1.9971905691586747 1.5162867503472903 4.376705675567923 5.101025281318871 0.2 1.0 1.0 0.2 0.3 0.5 0.15 1.0 0.2 0.15 1.0 0.4 5471.624067897252 150.8355673218177 11095.147333218512 69.05148635249762 104.77905967471133 850 6
python3 MAIN_no_enso.py 3.1468554729240976 2.983299825723466 2.901259793083595 5.024529071598964 5.548116000408776 0.2 1.0 1.0 0.2 0.3 0.5 0.15 1.0 0.2 0.15 1.0 0.4 14778.819507799828 259.88776139616806 11960.441528883943 105.82114268061177 146.71682079803617 850 7
python3 MAIN_no_enso.py 2.2663574546002874 1.6825212648199952 2.3978825702913786 5.883930818737815 5.847816005526019 0.2 1.0 1.0 0.2 0.3 0.5 0.15 1.0 0.2 0.15 1.0 0.4 3100.461771180209 87.5949446541737 4199.232365334012 134.60743544063598 159.16230880809957 850 8
python3 MAIN_no_enso.py 1.836883482883845 3.20448937313615 1.9933160600953757 2.7776358867386195 4.954009376873332 0.2 1.0 1.0 0.2 0.3 0.5 0.15 1.0 0.2 0.15 1.0 0.4 8774.00243434794 228.41198005001644 8558.65874061899 27.159383986901823 132.0789883007426 850 9
python3 MAIN_no_enso.py 1.9063021964563724 2.7200010243654713 1.0646365353936438 5.371707725515352 3.3394620212351156 0.2 1.0 1.0 0.2 0.3 0.5 0.15 1.0 0.2 0.15 1.0 0.4 10689.284115209908 25.813325092451002 6929.101651300739 161.55011333375435 85.3443061967856 850 10
python3 MAIN_no_enso.py 2.538969150865121 2.4338971894700885 1.2674793809277247 1.7995873066297392 4.7888433885658825 0.2 1.0 1.0 0.2 0.3 0.5 0.15 1.0 0.2 0.15 1.0 0.4 1557.5555424582706 51.668684437009226 4808.590858622239 89.94803665414902 52.55548401490568 900 1
python3 MAIN_no_enso.py 1.4852760041553559 3.731091972219357 2.532825654992366 2.3966066515558055 4.329260374785988 0.2 1.0 1.0 0.2 0.3 0.5 0.15 1.0 0.2 0.15 1.0 0.4 5183.1016654534715 100.83018802906962 5905.422919982936 53.63109444526059 194.025535229491 900 2
python3 MAIN_no_enso.py 0.878227065812121 1.1523448285757258 2.7241146906222475 2.8679681701661184 3.68790547562629 0.2 1.0 1.0 0.2 0.3 0.5 0.15 1.0 0.2 0.15 1.0 0.4 13196.096780696427 158.3370884741035 9592.003681579376 178.2355085703843 176.2200801159163 900 3
python3 MAIN_no_enso.py 2.8614943974042033 3.4311632889925234 1.7952105737154547 3.540641238047511 3.170091240290764 0.2 1.0 1.0 0.2 0.3 0.5 0.15 1.0 0.2 0.15 1.0 0.4 7299.854191849977 197.01699394739978 2025.7310685056902 124.43690234961237 72.5312831995694 900 4
python3 MAIN_no_enso.py 2.995310467091926 1.6248436369603536 2.1855488491730686 4.127140708788788 3.9057980035751134 0.2 1.0 1.0 0.2 0.3 0.5 0.15 1.0 0.2 0.15 1.0 0.4 11616.302213655927 271.63988114747474 513.2269198483037 193.81943369276877 112.4550889793779 900 5
python3 MAIN_no_enso.py 1.2400243318650623 1.9971905691586747 1.5162867503472903 4.376705675567923 5.101025281318871 0.2 1.0 1.0 0.2 0.3 0.5 0.15 1.0 0.2 0.15 1.0 0.4 5471.624067897252 150.8355673218177 11095.147333218512 69.05148635249762 104.77905967471133 900 6
python3 MAIN_no_enso.py 3.1468554729240976 2.983299825723466 2.901259793083595 5.024529071598964 5.548116000408776 0.2 1.0 1.0 0.2 0.3 0.5 0.15 1.0 0.2 0.15 1.0 0.4 14778.819507799828 259.88776139616806 11960.441528883943 105.82114268061177 146.71682079803617 900 7
python3 MAIN_no_enso.py 2.2663574546002874 1.6825212648199952 2.3978825702913786 5.883930818737815 5.847816005526019 0.2 1.0 1.0 0.2 0.3 0.5 0.15 1.0 0.2 0.15 1.0 0.4 3100.461771180209 87.5949446541737 4199.232365334012 134.60743544063598 159.16230880809957 900 8
python3 MAIN_no_enso.py 1.836883482883845 3.20448937313615 1.9933160600953757 2.7776358867386195 4.954009376873332 0.2 1.0 1.0 0.2 0.3 0.5 0.15 1.0 0.2 0.15 1.0 0.4 8774.00243434794 228.41198005001644 8558.65874061899 27.159383986901823 132.0789883007426 900 9
python3 MAIN_no_enso.py 1.9063021964563724 2.7200010243654713 1.0646365353936438 5.371707725515352 3.3394620212351156 0.2 1.0 1.0 0.2 0.3 0.5 0.15 1.0 0.2 0.15 1.0 0.4 10689.284115209908 25.813325092451002 6929.101651300739 161.55011333375435 85.3443061967856 900 10
python3 MAIN_no_enso.py 2.538969150865121 2.4338971894700885 1.2674793809277247 1.7995873066297392 4.7888433885658825 0.2 1.0 1.0 0.2 0.3 0.5 0.15 1.0 0.2 0.15 1.0 0.4 1557.5555424582706 51.668684437009226 4808.590858622239 89.94803665414902 52.55548401490568 950 1
python3 MAIN_no_enso.py 1.4852760041553559 3.731091972219357 2.532825654992366 2.3966066515558055 4.329260374785988 0.2 1.0 1.0 0.2 0.3 0.5 0.15 1.0 0.2 0.15 1.0 0.4 5183.1016654534715 100.83018802906962 5905.422919982936 53.63109444526059 194.025535229491 950 2
python3 MAIN_no_enso.py 0.878227065812121 1.1523448285757258 2.7241146906222475 2.8679681701661184 3.68790547562629 0.2 1.0 1.0 0.2 0.3 0.5 0.15 1.0 0.2 0.15 1.0 0.4 13196.096780696427 158.3370884741035 9592.003681579376 178.2355085703843 176.2200801159163 950 3
python3 MAIN_no_enso.py 2.8614943974042033 3.4311632889925234 1.7952105737154547 3.540641238047511 3.170091240290764 0.2 1.0 1.0 0.2 0.3 0.5 0.15 1.0 0.2 0.15 1.0 0.4 7299.854191849977 197.01699394739978 2025.7310685056902 124.43690234961237 72.5312831995694 950 4
python3 MAIN_no_enso.py 2.995310467091926 1.6248436369603536 2.1855488491730686 4.127140708788788 3.9057980035751134 0.2 1.0 1.0 0.2 0.3 0.5 0.15 1.0 0.2 0.15 1.0 0.4 11616.302213655927 271.63988114747474 513.2269198483037 193.81943369276877 112.4550889793779 950 5
python3 MAIN_no_enso.py 1.2400243318650623 1.9971905691586747 1.5162867503472903 4.376705675567923 5.101025281318871 0.2 1.0 1.0 0.2 0.3 0.5 0.15 1.0 0.2 0.15 1.0 0.4 5471.624067897252 150.8355673218177 11095.147333218512 69.05148635249762 104.77905967471133 950 6
python3 MAIN_no_enso.py 3.1468554729240976 2.983299825723466 2.901259793083595 5.024529071598964 5.548116000408776 0.2 1.0 1.0 0.2 0.3 0.5 0.15 1.0 0.2 0.15 1.0 0.4 14778.819507799828 259.88776139616806 11960.441528883943 105.82114268061177 146.71682079803617 950 7
python3 MAIN_no_enso.py 2.2663574546002874 1.6825212648199952 2.3978825702913786 5.883930818737815 5.847816005526019 0.2 1.0 1.0 0.2 0.3 0.5 0.15 1.0 0.2 0.15 1.0 0.4 3100.461771180209 87.5949446541737 4199.232365334012 134.60743544063598 159.16230880809957 950 8
python3 MAIN_no_enso.py 1.836883482883845 3.20448937313615 1.9933160600953757 2.7776358867386195 4.954009376873332 0.2 1.0 1.0 0.2 0.3 0.5 0.15 1.0 0.2 0.15 1.0 0.4 8774.00243434794 228.41198005001644 8558.65874061899 27.159383986901823 132.0789883007426 950 9
python3 MAIN_no_enso.py 1.9063021964563724 2.7200010243654713 1.0646365353936438 5.371707725515352 3.3394620212351156 0.2 1.0 1.0 0.2 0.3 0.5 0.15 1.0 0.2 0.15 1.0 0.4 10689.284115209908 25.813325092451002 6929.101651300739 161.55011333375435 85.3443061967856 950 10
